0.00000 0.33260 0.66521 0.58206 0.59519 0.55252 0.62801 0.49234 0.29322 0.49234
0.33260 0.00000 0.58862 0.48796 0.50328 0.46389 0.56783 0.31072 0.48906 0.31182
0.66521 0.58862 0.00000 0.65864 0.31729 0.67615 0.48031 0.62691 0.68053 0.49125
0.58206 0.48796 0.65864 0.00000 0.63020 0.47265 0.64551 0.32713 0.63020 0.56783
0.59519 0.50328 0.31729 0.63020 0.00000 0.63457 0.30963 0.59190 0.62691 0.33589
0.55252 0.46389 0.67615 0.47265 0.63457 0.00000 0.66083 0.31510 0.61379 0.56236
0.62801 0.56783 0.48031 0.64551 0.30963 0.66083 0.00000 0.64333 0.64770 0.48140
0.49234 0.31072 0.62691 0.32713 0.59190 0.31510 0.64333 0.00000 0.58096 0.49344
0.29322 0.48906 0.68053 0.63020 0.62691 0.61379 0.64770 0.58096 0.00000 0.57659
0.49234 0.31182 0.49125 0.56783 0.33589 0.56236 0.48140 0.49344 0.57659 0.00000
